[gd_scene load_steps=7 format=3 uid="uid://vu161gfdvkww"]

[ext_resource type="PackedScene" uid="uid://bs72ogkvdd7d6" path="res://addons/proto_controller/proto_controller.tscn" id="1_72ln2"]

[sub_resource type="ProceduralSkyMaterial" id="ProceduralSkyMaterial_40jph"]
sky_horizon_color = Color(0.64625, 0.65575, 0.67075, 1)
ground_horizon_color = Color(0.64625, 0.65575, 0.67075, 1)

[sub_resource type="Sky" id="Sky_knwkg"]
sky_material = SubResource("ProceduralSkyMaterial_40jph")

[sub_resource type="Environment" id="Environment_rhily"]
background_mode = 2
sky = SubResource("Sky_knwkg")
tonemap_mode = 2
glow_enabled = true

[sub_resource type="StandardMaterial3D" id="StandardMaterial3D_6uao7"]
albedo_color = Color(0.802796, 0.8512, 0.544706, 1)

[sub_resource type="StandardMaterial3D" id="StandardMaterial3D_q1n6e"]
albedo_color = Color(0.670963, 0.596992, 0.824628, 1)

[node name="Main 3D" type="Node3D"]

[node name="WorldEnvironment" type="WorldEnvironment" parent="."]
environment = SubResource("Environment_rhily")

[node name="DirectionalLight3D" type="DirectionalLight3D" parent="."]
transform = Transform3D(-0.497733, 0.826412, -0.263258, 0.667318, 0.558772, 0.492404, 0.55403, 0.0694087, -0.829598, -0.5, 19.8, 3.5)
shadow_enabled = true

[node name="Floor" type="CSGBox3D" parent="."]
transform = Transform3D(1, 0, 0, 0, 1, 0, 0, 0, 1, 0, 0, 1.95)
material_override = SubResource("StandardMaterial3D_6uao7")
use_collision = true
size = Vector3(60.3, 1.9, 60.1)

[node name="CSGCombiner3D" type="CSGCombiner3D" parent="."]
material_override = SubResource("StandardMaterial3D_q1n6e")
use_collision = true

[node name="CSGBox3D" type="CSGBox3D" parent="CSGCombiner3D"]
transform = Transform3D(1, 0, 0, 0, 1, 0, 0, 0, 1, -11.2, 4.2, 2.4)
size = Vector3(1, 6.8, 35.8)

[node name="CSGCylinder3D" type="CSGCylinder3D" parent="CSGCombiner3D/CSGBox3D"]
transform = Transform3D(0.429751, 0.678961, -0.595253, 0.287947, 0.521763, 0.803025, 0.855804, -0.516503, 0.0287235, 0.400001, 0.5, 6.5)
operation = 2
radius = 0.9
height = 6.4

[node name="CSGBox3D" type="CSGBox3D" parent="CSGCombiner3D/CSGBox3D"]
transform = Transform3D(1, 0, 0, 0, 1, 0, 0, 0, 1, -0.0999994, -1.9, 2.8)
operation = 2
size = Vector3(1.6, 2.8, 2.6)

[node name="CSGBox3D2" type="CSGBox3D" parent="CSGCombiner3D"]
transform = Transform3D(-4.37114e-08, 0, 1, 0, 1, 0, -1, 0, -4.37114e-08, 6.2, 4.2, -15)
size = Vector3(1, 6.8, 35.8)

[node name="CSGBox3D3" type="CSGBox3D" parent="CSGCombiner3D"]
transform = Transform3D(0.866025, 0, -0.5, 0, 1, 0, 0.5, 0, 0.866025, 20.1, 4.4, 16.55)
size = Vector3(1, 6.8, 15.5)

[node name="CSGSphere3D" type="CSGSphere3D" parent="CSGCombiner3D"]
transform = Transform3D(4.872, 0, 0, 0, 10.7671, 0, 0, 0, 4.872, 13.3, 4.5, 9)
radius = 0.4

[node name="CSGCylinder3D" type="CSGCylinder3D" parent="CSGCombiner3D"]
transform = Transform3D(1.2, 0, 0, 0, 6.9, 0, 0, 0, 1.2, 3.7, 5.1, -2.9)
radius = 0.9
height = 1.2

[node name="CSGPolygon3D" type="CSGPolygon3D" parent="CSGCombiner3D"]
transform = Transform3D(1.4331, -1.51356, -1.76275, 1.68033, 1.2404, 1.734, -0.0825794, -1.02696, 4.69237, -2.1, -1.7, 19.7)
polygon = PackedVector2Array(3.8, -2.9, 4, 2.6, 7.4, -1.7, 5.2, -1)

[node name="ProtoController" parent="." instance=ExtResource("1_72ln2")]
transform = Transform3D(1, 0, 0, 0, 1, 0, 0, 0, 1, 9.18951, 3.00906, 0.947254)
